98 85
153 5
161 63
178 170
212 80
217 87
241 165
251 92
257 29
262 130
267 118
268 46
270 79
271 259
276 93
277 223
294 231
327 233
334 154
335 286
342 236
361 352
376 141
395 364
400 134
403 18
404 331
409 78
410 48
423 243
427 381
432 42
438 300
439 128
440 431
451 34
468 69
480 366
483 375
503 470
504 131
509 452
518 315
519 407
523 329
524 406
528 435
533 308
535 157
538 62
539 419
546 166
557 24
564 462
568 52
586 186
588 353
591 136
599 344
608 232
625 425
629 156
631 496
632 402
637 433
639 411
650 202
653 484
665 32
673 214
679 187
687 103
698 339
705 60
711 610
717 415
727 208
728 61
734 603
737 71
741 171
744 172
756 418
759 378
763 446
765 81
766 269
768 293
784 23
790 382
791 764
806 576
808 421
815 41
817 222
818 732
821 706
831 4
835 654
837 21
845 20
853 585
866 246
867 163
871 751
881 536
885 328
894 184
899 789
906 416
912 661
924 49
938 762
941 640
945 527
949 179
960 16
961 819
963 624
971 697
973 699
974 571
978 566
981 180
982 843
985 70
988 255
991 753
995 541
999 847
1000 304
1001 955
1004 672
1005 420
1008 950
1010 690
1013 855
1026 525
1034 336
1035 8
1047 1002
1052 854
1053 356
1067 264
1075 914
1078 636
1080 365
1083 373
1086 934
1090 51
1096 655
1099 123
1100 216
1101 750
1110 55
1111 976
1112 192
1118 836
1123 242
1127 346
1130 369
1134 506
1143 856
1145 332
1151 977
1152 145
1157 1073
1159 733
1160 758
1166 466
1169 426
1170 1132
1174 493
1175 168
1179 775
1186 408
1188 513
1189 288
1191 675
1193 701
1196 1015
1209 119
1211 67
1215 434
1216 627
1220 507
1223 880
1224 117
1226 1076
1228 238
1231 314
1235 839
1241 1163
1243 144
1244 587
1246 567
1247 719
1249 1094
1263 792
1269 1236
1276 137
1281 575
1284 47
1285 75
1287 664
1288 878
1290 743
1292 962
1298 925
1305 215
1307 471
1315 862
1318 66
1322 305
1324 100
1327 1106
1332 441
1335 501
1337 1046
1340 1109
1347 389
1355 1177
1364 521
1366 797
1367 124
1369 239
1374 953
1377 1205
1378 1297
1383 787
1385 1291
1389 1384
1390 1011
1398 19
1400 1257
1408 788
1410 832
1415 616
1416 805
1419 529
1421 11
1423 115
1425 272
1430 183
1438 882
1439 253
1442 363
1445 1229
1447 1120
1450 794
1453 278
1457 1176
1460 1204
1462 802
1463 33
1465 57
1466 1208
1470 570
1474 980
1476 1271
1478 531
1482 1007
1484 1103
1485 135
1487 916
1489 596
1490 150
1492 488
1497 1471
1501 1467
1503 384
1507 1072
1509 1373
1512 1393
1515 181
1516 1452
1518 1283
1520 1513
1521 1079
1523 1496
1525 15
1527 337
1528 147
1531 840
1536 162
1539 189
1540 1296
1548 1414
1549 883
1550 614
1557 761
1558 65
1559 1304
1562 824
1563 1479
1564 1541
1567 1289
1568 1330
1570 532
1571 643
1575 492
1576 569
1577 319
1578 1404
1583 1048
1584 1411
1586 285
1587 64
1590 886
1599 534
1602 512
1603 929
1605 920
1611 1044
1614 517
1615 1554
1616 1498
1623 786
1626 670
1630 1117
1631 716
1633 354
1635 849
1649 266
1650 910
1653 830
1658 1264
1661 1266
1670 669
1672 1596
1674 1456
1676 1566
1677 94
1680 164
1681 917
1682 826
1686 1041
1687 122
1689 646
1690 1317
1691 846
1697 343
1706 500
1707 933
1708 770
1709 1061
1710 1207
1716 309
1717 1668
1720 298
1721 358
1727 922
1732 656
1735 1441
1741 1640
1744 220
1745 540
1746 74
1749 593
1750 811
1751 708
1754 822
1756 340
1762 1082
1763 936
1769 700
1771 1406
1772 196
1777 207
1784 1556
1785 1618
1789 1473
1792 110
1793 1380
1794 204
1795 1155
1797 1446
1800 114
1802 1225
1807 865
1811 647
1814 1248
1815 1280
1819 443
1820 691
1822 891
1823 1613
1830 619
1837 1253
1841 1299
1845 1726
1846 1639
1851 926
1855 112
1860 1200
1861 904
1862 1030
1865 1699
1866 634
1868 937
1871 1500
1872 1612
1873 1407
1874 210
1881 1440
1883 1397
1885 1427
1887 1648
1888 1254
1891 872
1893 1074
1896 979
1897 1230
1901 1104
1903 195
1905 1363
1912 37
1921 723
1922 1133
1924 497
1925 9
1931 302
1934 1042
1941 1617
1943 1694
1944 1722
1948 1821
1951 630
1952 209
1957 1949
1958 1591
1959 1274
1960 1857
1970 1506
1971 1181
1974 1153
1979 371
1981 250
1982 1606
1987 104
1989 491
1993 1826
1994 169
1996 1757
1999 1985
2001 1505
2005 1095
2009 1202
2010 481
2011 1187
2014 1954
2015 1391
2017 377
2018 607
2025 7
2027 260
2030 1965
2032 464
2033 1213
2036 291
2047 1250
2051 59
2053 1790
2056 1848
2059 1782
2060 254
2062 1368
2064 120
2067 1890
2077 689
2078 182
2081 644
2083 36
2085 1662
2086 935
2090 550
2094 1065
2096 1022
2098 1382
2099 1693
2102 125
2103 362
2105 1182
2108 2107
2109 265
2110 12
2111 86
2114 1600
2118 1580
2119 3
2123 579
2125 2100
2128 151
2133 972
2138 1926
2139 139
2142 307
2143 316
2147 590
2151 2101
2152 1255
2153 1129
2154 1737
2159 235
2162 677
2163 1984
2166 1114
2168 1760
2169 1156
2175 870
2177 1149
2178 474
2182 622
2183 1477
2190 317
2191 2034
2193 422
2194 682
2195 864
2196 913
2200 852
2206 40
2207 2117
2208 1240
2209 577
2210 1206
2213 194
2215 287
2219 2192
2224 1898
2228 1458
2230 1232
2231 1023
2232 1818
2234 2
2235 388
2239 258
2241 1928
2242 2167
2243 1659
2250 1051
2251 921
2252 498
2255 769
2258 601
2259 887
2260 263
2261 1387
2268 82
2269 1219
2270 1003
2281 1354
2289 1325
2291 240
2297 1361
2298 1302
2299 109
2300 2006
2302 1432
2304 2197
2307 628
2308 1480
2309 1545
2317 1809
2318 780
2319 2283
2321 928
2323 1664
2329 812
2330 2310
2331 2229
2332 1126
2333 1113
2335 1892
2336 447
2337 1348
2338 927
2341 2137
2343 597
2346 326
2348 2157
2351 1454
2353 1643
2354 2072
2356 1998
2357 965
2359 1594
2362 1037
2363 695
2365 1761
2366 256
2368 1916
2369 394
2370 39
2371 947
2374 1816
2375 1021
2379 273
2380 84
2381 2203
2385 858
2390 1714
2391 489
2394 2378
2402 1632
2403 1089
2406 1448
2408 1519
2410 1071
2412 551
2414 1122
2416 967
2417 76
2419 1059
2428 1443
2429 777
2432 2172
2435 2012
2436 1491
2437 793
2439 2141
2440 2225
2441 2093
2442 249
2447 582
2448 1402
2449 1055
2455 457
2456 310
2461 828
2462 2124
2464 1091
2466 2274
2469 348
2470 2327
2474 685
2475 996
2476 1314
2477 2334
2478 1403
2480 598
2481 1210
2483 932
2484 816
2485 2280
2486 1920
2487 1273
2490 2236
2491 1286
2492 477
2493 1878
2494 1565
2495 1488
2496 1165
2499 1062
2501 767
2502 372
2503 90
2504 35
2506 2301
2507 1199
2509 102
2510 1836
2511 1349
2512 50
2515 968
2516 2007
2517 116
2518 987
2521 2500
2524 91
2525 454
2533 714
2537 1729
2538 2164
2539 798
2540 1025
2541 1739
2543 1028
2544 1185
2546 876
2547 99
2548 958
2551 2311
2553 1033
2555 54
2557 197
2558 53
2559 2002
2565 2545
2566 1755
2568 2505
2574 2156
2575 931
2581 1036
2582 2482
2583 1788
2585 113
2587 1634
2588 2256
2589 1362
2590 542
2592 2262
2593 1494
2594 1718
2595 2554
2597 2347
2599 1900
2601 1162
2602 903
2604 561
2605 1808
2606 1945
2608 951
2614 1006
2615 776
2616 1258
2620 341
2622 565
2623 494
2624 807
2630 2129
2633 545
2636 1251
2638 2076
2639 1303
2640 108
2641 604
2648 1342
2652 1906
2653 2180
2655 1940
2656 888
2658 516
2663 2424
2664 2635
2665 729
2668 1747
2670 879
2672 226
2676 1173
2677 1704
2684 994
2686 1158
2688 1853
2690 2042
2692 1012
2695 869
2696 813
2698 2063
2699 2126
2701 1147
2702 1876
2704 1534
2705 2527
2706 2092
2709 2286
2712 1508
2714 892
2720 387
2721 1544
2722 1352
2725 1417
2726 530
2727 2382
2728 2697
2729 442
2731 224
2732 26
2735 1144
2736 160
2738 940
2740 742
2742 1063
2743 1787
2744 1429
2745 1655
2746 2278
2747 1829
2750 2700
2751 2550
2752 1663
2753 1768
2754 1964
2755 731
2759 572
2760 606
2764 456
2765 1345
2769 502
2770 749
2771 873
2772 658
2774 688
2775 1695
2776 311
2778 735
2781 638
2782 584
2783 686
2784 722
2787 2257
2789 1092
2791 915
2794 1321
2796 1753
2797 30
2800 445
2802 424
2804 990
2805 997
2807 851
2808 657
2809 1413
2811 127
2812 841
2814 1529
2815 2580
2816 620
2817 2181
2818 1396
2822 825
2823 1644
2824 1609
2825 485
2826 1810
2827 2542
2829 38
2831 526
2832 360
2833 283
2834 2358
2835 757
2836 1365
2837 1064
2838 1646
2839 1593
2840 966
2841 944
2842 2756
2844 2276
2845 2267
2846 781
2847 2199
2849 1642
2850 1847
2851 1986
2853 2075
2854 1864
2855 89
2856 2201
2857 1351
2859 2530
2862 1552
2863 1776
2865 2596
2867 2730
2869 1326
2872 2395
2873 745
2874 1907
2877 909
2883 874
2885 1899
2886 1961
2887 1913
2888 333
2890 1546
2892 736
2894 1024
2897 2718
2898 355
2900 175
2901 1832
2902 2536
2910 1869
2911 1667
2914 280
2917 2160
2918 2272
2919 581
2921 1451
2922 954
2924 1346
2928 2344
2930 1401
2932 1085
2933 692
2936 148
2937 2733
2939 1827
2940 1995
2941 444
2942 2135
2943 2843
2945 2035
2946 1097
2947 2508
2948 1310
2951 218
2953 1953
2955 1908
2957 2472
2958 2471
2960 142
2961 398
2962 1569
2963 2758
2964 2473
2965 2266
2966 1031
2968 2400
2970 676
2972 1963
2974 1786
2976 1844
2978 1856
2979 2016
2980 898
2981 1168
2982 1
2983 2810
2985 823
2986 107
2989 1514
2990 549
2991 1895
2992 2054
2997 2522
2999 2647
3002 1849
3006 2569
3007 911
3008 1038
3012 1084
3014 1131
3016 2659
3017 1880
3020 321
3021 1511
3022 2430
3023 2766
3024 275
3025 2719
3028 228
3029 2579
3030 2578
3032 2216
3033 2322
3034 1420
3035 1300
3036 1967
3037 1150
3038 2122
3040 45
3043 2908
3044 662
3045 1919
3046 1852
3047 1647
3050 2405
3052 1918
3053 2397
3060 430
3062 247
3063 1675
3069 458
3070 77
3071 1014
3072 1936
3075 1574
3076 3061
3077 1070
3079 414
3084 3026
3086 2361
3087 1115
3089 284
3090 1597
3091 959
3092 1730
3093 2468
3094 1040
3095 392
3097 1262
3098 1039
3103 2079
3105 301
3106 325
3107 703
3109 1702
3111 1238
3114 2065
3115 860
3117 350
3119 10
3121 2627
3124 1344
3125 2420
3129 2773
3130 544
3131 1320
3134 345
3135 2324
3137 2767
3138 1386
3140 1198
3142 2798
3143 2723
3144 3064
3145 2891
3147 556
3148 554
3149 2084
3151 1651
3153 510
3155 1929
3157 1968
3159 1316
3162 2645
3163 1270
3164 2020
3165 478
3168 2146
3170 2903
3171 28
3172 379
3174 3085
3175 827
3176 2621
3181 1842
3182 2021
3185 2741
3188 475
3190 1428
3193 2052
3195 450
3200 213
3203 3113
3204 2717
3205 1530
3208 1692
3210 902
3213 2748
3215 2642
3216 2320
3217 2458
3218 3039
3219 992
3223 2570
3225 1056
3227 773
3228 106
3229 747
3230 2275
3231 1526
3233 1573
3235 2161
3240 3019
3241 833
3242 1997
3243 2488
3244 2950
3246 1217
3248 1459
3249 3222
3252 2998
3253 800
3255 2367
3257 158
3258 2115
3266 2089
3269 730
3270 724
3271 1806
3275 1136
3277 3055
3280 1980
3282 1535
3283 3211
3285 2284
3287 1125
3288 2534
3290 605
3291 322
3294 1939
3296 1197
3297 2174
3298 796
3300 476
3302 193
3303 3027
3304 1561
3308 463
3312 1669
3314 2404
3315 1388
3319 3082
3320 393
3321 1796
3322 1711
3323 1933
3326 3309
3327 1532
3328 2131
3329 2095
3330 338
3333 2145
3335 2031
3337 748
3338 2212
3339 22
3340 2221
3344 2871
3345 1475
3346 1607
3347 2644
3348 2433
3349 1624
3350 562
3351 1775
3352 3009
3354 370
3356 188
3357 105
3358 1214
3360 261
3361 2795
3362 617
3363 149
3364 2303
3365 2132
3367 2453
3369 3173
3370 1399
3371 1260
3372 2046
3374 3056
3375 2004
3376 1742
3382 397
3384 2514
3385 1715
3386 3311
3387 553
3388 2044
3389 1201
3390 1688
3391 1469
3396 3379
3397 374
3398 1666
3401 2535
3403 1641
3404 989
3405 460
3407 674
3408 143
3409 1172
3411 1625
3412 1858
3413 1537
3414 3256
3416 3122
3417 3289
3419 1835
3420 611
3421 1743
3422 2244
3423 2925
3425 2249
3426 2906
3428 1636
3430 2967
3431 1341
3432 2666
3433 779
3434 3206
3435 1312
3436 1277
3438 1621
3439 3202
3440 3400
3441 2610
3443 14
3444 2923
3445 2618
3448 1184
3450 3156
3451 2790
3452 2446
3453 2880
3456 1020
3458 467
3461 1863
3463 2786
3464 1983
3466 2598
3467 1914
3469 3377
3471 227
3472 1376
3473 1738
3474 3152
3475 2660
3477 1779
3478 1242
3479 2801
3482 1909
3484 2316
3485 495
3490 1328
3492 3265
3494 1311
3495 2393
3497 3373
3499 2148
3501 1261
3502 2703
3503 1222
3504 2136
3507 351
3509 3158
3510 3102
3511 177
3514 2954
3517 2386
3519 2467
3520 3487
3521 1713
3523 3150
3525 707
3526 2184
3527 3446
3528 2451
3529 44
3530 1464
3533 3139
3534 229
3536 1824
3537 1843
3538 2889
3539 2088
3540 2799
3541 1293
3544 1791
3545 3005
3547 31
3548 683
3549 3399
3552 490
3553 2875
3554 3410
3556 2864
3558 1212
3559 386
3560 3041
3561 3013
3562 3081
3563 133
3565 190
3566 785
3567 970
3568 2681
3574 2457
3575 2707
3576 3146
3577 3427
3578 2158
3579 939
3580 1828
3581 1723
3582 2995
3583 323
3586 3305
3588 486
3589 1698
3590 774
3593 1911
3595 3415
3597 739
3598 2373
3600 221
3602 2611
3603 3268
3604 1524
3605 2678
3606 1294
3608 2609
3609 1553
3610 514
3611 3160
3612 772
3614 2187
3615 1379
3616 3470
3617 2526
3618 2691
3621 3232
3622 2263
3624 1167
3626 560
3628 1356
3629 1275
3630 200
3631 508
3634 3196
3635 3550
3637 1734
3638 863
3639 2296
3640 3301
3641 660
3642 1108
3644 1622
3646 613
3647 1884
3648 3220
3649 2662
3650 726
3652 487
3653 1946
3656 1978
3657 2899
3658 2396
3660 3251
3661 2399
3664 1962
3665 1572
3666 1272
3667 1834
3668 715
3669 399
3674 520
3675 330
3676 3392
3677 3278
3678 17
3679 1105
3680 2777
3681 274
3682 1049
3683 2248
3686 641
3687 814
3690 1629
3691 1678
3692 2489
3694 2909
3696 2290
3697 2022
3698 140
3699 1087
3700 3236
3701 1128
3702 2912
3703 2803
3706 2445
3708 3342
3709 27
3711 3643
3712 1938
3715 645
3716 2342
3717 2295
3719 1146
3720 543
3721 2724
3722 993
3724 1032
3725 2037
3727 1927
3728 2576
3729 1493
3730 2944
3732 573
3733 1813
3734 1801
3735 2552
3736 3127
3737 1066
3738 3465
3739 281
3740 3254
3741 1977
3742 3355
3743 320
3745 1547
3746 2984
3748 1932
3750 453
3751 809
3752 396
3753 2068
3755 2634
3756 589
3759 1645
3760 3447
3761 2418
3762 907
3764 3004
3765 3395
3766 2916
3767 1333
3768 3673
3769 1050
3770 771
3771 2669
3772 3555
3773 2091
3775 3110
3776 897
3777 2041
3778 3774
3779 1265
3781 3749
3782 3100
3783 1468
3785 3245
3786 3599
3787 3274
3788 946
3789 1798
3791 2048
3792 563
3793 2479
3794 3295
3798 3264
3799 3066
3800 3068
3802 1375
3803 3685
3804 3018
3805 2176
3806 1581
3807 2895
3809 3011
3810 1119
3811 725
3812 2643
3813 2603
3814 1309
3815 2023
3816 3790
3817 612
3818 2780
3819 2043
3821 1988
3823 1879
3824 225
3825 2591
3826 583
3828 548
3830 2292
3832 2612
3834 1719
3835 2038
3836 3481
3837 3500
3838 2715
3839 3532
3840 908
3841 505
3842 1259
3843 1057
3846 2673
3847 3442
3848 2607
3850 2288
3851 2233
3852 1282
3853 3214
3854 889
3855 1877
3856 3726
3857 659
3859 592
3860 2376
3861 1449
3862 3585
3863 2339
3864 1902
3865 1673
3866 3801
3867 3784
3869 905
3871 2050
3872 1394
3873 3424
3874 2312
3875 1910
3879 3166
3880 1703
3881 1601
3882 3564
3884 2345
3885 1701
3888 838
3889 2858
3890 1627
3891 2830
3895 1268
3896 1665
3897 2820
3900 3049
3901 2245
3902 1461
3903 324
3904 848
3905 1029
3906 2198
3908 3003
3909 2127
3912 3306
3913 1139
3914 877
3916 206
3918 2155
3919 2561
3920 558
3922 2238
3924 2828
3925 383
3926 2884
3927 25
3928 2716
3929 2949
3930 1712
3932 385
3933 1733
3934 3331
3935 3513
3936 1825
3937 919
3939 3133
3940 1135
3941 3907
3942 2019
3943 347
3945 3524
3948 1138
3949 1483
3951 3572
3952 3931
3953 3112
3954 3221
3955 1752
3956 3587
3958 3688
3960 3169
3962 3276
3963 3184
3964 3237
3966 1679
3967 1950
3968 3515
3969 3454
3970 299
3971 2708
3974 282
3975 2372
3978 3977
3979 1018
3980 1192
3981 429
3983 2529
3984 3947
3985 3120
3986 2314
3987 2120
3988 3663
3990 2792
3991 2768
3992 203
3993 83
3994 3437
3995 3744
3997 2876
3999 1343
4002 3167
4003 1504
4004 1009
4005 2279
4006 1620
4007 2882
4010 3899
4011 2253
4012 895
4013 2977
4015 1705
4016 1696
4017 2563
4018 522
4019 684
4020 2058
4021 2793
4022 3989
4023 3796
4024 1338
4026 957
4028 3209
4029 998
4030 721
4031 56
4032 465
4033 795
4034 2070
4035 2387
4036 3976
4037 1955
4038 3723
4042 1218
4043 1992
4045 710
4046 1875
4047 2788
4048 296
4049 2528
4050 1917
4051 2045
4052 3065
4053 3186
4054 3272
4055 2277
4056 3849
4057 3250
4058 297
4059 3239
4060 2657
4061 219
4062 2650
4063 2315
4065 2150
4066 3178
4067 2556
4068 3234
4069 3946
4070 391
4071 2087
4072 1867
4076 2848
4077 3180
4078 1154
4079 740
4080 1619
4081 3058
4082 155
4083 3996
4084 2821
4085 3950
4087 3067
4090 2586
4091 2211
4092 3672
4094 3194
4095 3238
4096 472
4098 3886
4099 652
4100 1353
4101 2171
4102 952
4103 3317
4105 1372
4107 875
4108 2144
4110 4097
4111 3780
4112 1472
4113 1194
4115 2878
4116 3368
4117 1915
4118 1124
4119 2671
4120 2407
4122 1684
4123 482
4124 1585
4125 4089
4126 782
4128 3324
4131 4106
4132 2293
4133 3797
4134 2073
4135 390
4137 3015
4138 2734
4139 2306
4140 1894
4141 88
4142 1195
4143 3292
4144 3498
4145 455
4146 3693
4147 2685
4148 2165
4149 1542
4150 537
4151 3493
4152 1538
4154 3944
4155 1234
4157 1991
4159 380
4160 1657
4162 3318
4164 623
4165 857
4166 290
4168 2188
4170 1833
4172 2927
4173 3957
4174 1804
4175 3613
4177 3260
4178 1638
4179 1306
4182 3591
4183 245
4184 1522
4185 709
4186 2710
4187 671
4188 1736
4189 289
4190 3187
4191 3917
4192 3183
4193 3457
4194 1422
4196 3662
4198 2097
4200 4153
4201 3489
4202 2531
4203 3207
4205 578
4206 755
4209 693
4210 4207
4211 3054
4212 621
4213 4027
4214 738
4215 359
4216 2861
4217 1381
4218 448
4219 1886
4220 829
4221 1392
4222 2675
4223 3383
4225 2384
4226 1190
4228 3341
4229 752
4231 1975
4232 635
4233 2819
4236 2423
4237 3108
4239 1019
4240 3394
4241 3212
4242 3224
4243 2220
4244 2214
4245 3632
4246 3654
4247 3570
4248 2049
4249 3088
4250 2870
4251 1759
4252 2920
4253 3299
4255 1405
4256 3713
4258 2273
4259 1371
4260 234
4261 6
4263 3878
4264 3000
4265 2680
4266 3870
4267 2189
4268 4025
4269 2879
4271 3010
4272 555
4273 2571
4274 4227
4275 1904
4276 2328
4278 2246
4279 3671
4280 3659
4281 2629
4282 1882
4283 1740
4284 2454
4286 3189
4288 2425
4289 4285
4290 2519
4291 4163
4292 964
4293 930
4294 1323
4295 3522
4296 72
4297 412
4298 2523
4300 2956
4301 2415
4302 3455
4303 1221
4304 2739
4305 3123
4306 3380
4307 152
4308 1595
4309 2247
4310 2055
4311 1069
4312 459
4313 3273
4314 252
4317 2761
4318 1652
4320 2969
4321 3795
4322 1313
4323 3592
4325 3154
4326 2896
4327 3460
4329 2600
4331 986
4332 1831
4333 1334
4335 3263
4336 801
4337 2713
4338 1560
4339 1766
4340 948
4341 3418
4342 3096
4343 2287
4347 1278
4348 1671
4349 3531
4350 191
4351 3476
4352 2915
4353 1589
4354 3827
4355 3754
4356 1436
4357 3293
4358 820
4359 2584
4360 1121
4362 2350
4363 2024
4364 2452
4365 3883
4366 3177
4367 2934
4369 3557
4370 3961
4371 176
4372 3757
4373 3829
4374 1604
4375 3267
4376 3316
4377 2282
4378 1765
4379 3031
4380 2426
4384 2130
4387 844
4388 199
4389 1359
4390 2325
4391 2749
4392 1395
4393 1357
4394 3844
4395 306
4396 4129
4397 1350
4399 1588
4401 1551
4402 1164
4403 3483
4404 1360
4405 461
4406 3286
4407 4398
4408 4346
4409 2173
4410 3042
4411 2360
4412 2170
4413 1973
4414 1102
4415 3833
4416 1850
4417 4270
4418 3199
4419 3965
4420 678
4421 651
4422 803
4423 3893
4424 4169
4426 754
4427 3051
4428 1295
4429 2693
4430 2411
4431 2057
4432 405
4433 132
4434 101
4436 1731
4437 609
4438 1068
4439 2988
4440 4114
4441 2737
4442 3226
4443 1773
4444 2806
4445 3892
4446 956
4447 2227
4448 2398
4449 1412
4451 3262
4452 4041
4453 4262
4455 1543
4456 834
4459 663
4460 3449
4462 3459
4463 3542
4464 2860
4465 4171
4466 893
4467 469
4468 2000
4469 3633
4470 3074
4472 295
4473 1799
4474 1930
4475 3655
4477 3623
4478 810
4479 205
4480 2626
4481 2444
4482 1370
4483 3982
4484 68
4486 4093
4487 1140
4488 2237
4490 4044
4492 2140
4493 96
4495 1654
4496 515
4497 2996
4498 4009
4499 2497
4501 4073
4502 4257
4503 3141
4504 1161
4505 1637
4506 2226
4507 3695
4508 3381
4509 1610
4510 746
4511 859
4512 4383
4513 4167
4514 680
4515 3480
4516 1107
4517 2513
4518 896
4519 1054
4521 3279
4522 1700
4523 4254
4524 3161
4525 2460
4526 1783
4527 3336
4528 720
4529 2560
4530 2625
4531 3429
4532 2577
4533 2868
4534 3921
4535 1319
4536 2907
4537 694
4538 3601
4539 3080
4540 1045
4541 1141
4542 2762
4543 3506
4544 4328
4545 3198
4546 3594
4547 3310
4548 3486
4549 2061
4551 547
4552 1409
4553 3845
4554 2617
4555 2082
4556 681
4557 4334
4558 2931
4559 43
4560 367
4561 185
4562 4458
4564 4224
4566 559
4567 702
4568 1579
4569 349
4570 3353
4571 1838
4573 2971
4575 3083
4576 4572
4579 2134
4581 2959
4582 1495
4584 1308
4585 2040
4586 279
4587 2632
4589 648
4590 1171
4591 2223
4592 2364
4593 2106
4594 2465
4595 1116
4596 2935
4597 2994
4598 2240
4599 4277
4602 4130
4604 1770
4605 1937
4607 2646
4608 1685
4609 3468
4610 3625
4611 1339
4612 3898
4613 2434
4614 3877
4616 2388
4617 4454
4620 4136
4621 1889
4622 2326
4623 3512
4624 4324
4625 3191
4626 2074
4627 2683
4628 649
4629 4485
4630 4330
4631 2026
4632 2631
4633 2218
4634 868
4635 4345
4637 2567
4638 4204
4639 1444
4640 173
4641 1017
4642 3972
4643 783
4644 760
4645 2116
4646 3636
4647 1780
4648 3505
4649 1329
4650 3078
4651 2149
4652 3710
4653 1817
4654 2104
4655 3758
4656 4494
4657 511
4658 129
4660 804
4661 595
4662 4574
4663 4563
4664 1431
4665 1256
4666 3868
4667 1683
4668 2866
4669 2689
4670 13
4671 1628
4672 2265
4673 4450
4674 3911
4675 4577
4676 3763
4677 3689
4678 2438
4679 3620
4680 1990
4681 890
4682 1859
4683 4500
4684 237
4685 357
4686 4550
4687 1437
4688 3894
4689 1840
4690 552
4691 4104
4692 111
4693 4382
4694 2763
4695 2532
4696 1433
4697 312
4698 4588
4699 4435
4700 602
4701 3551
4702 2431
4703 3516
4704 499
4705 1592
4706 3704
4707 2562
4708 1517
4709 2628
4710 248
4711 3707
4712 618
4713 3281
4714 3714
4715 2202
4716 2993
4717 3378
4718 3393
4719 666
4720 4008
4721 368
4723 983
4724 4156
4725 1748
4726 292
4727 3491
4728 1656
4729 4565
4730 2112
4731 3915
4732 2711
4733 4316
4734 3684
4735 1142
4736 1533
4737 2904
4738 3128
4739 2682
4740 4014
4741 2637
4742 4578
4743 244
4744 2185
4745 4368
4746 4158
4747 861
4749 3959
4750 4344
4751 884
4753 1728
4754 4461
4755 4600
4756 0
4757 3343
4758 126
4759 2952
4760 2313
4761 3718
4762 2121
4763 3876
4764 3201
4765 417
4767 2987
4768 4425
4769 449
4770 1598
4771 3126
4772 2071
4773 4489
4774 198
4775 2305
4776 1812
4777 4580
4778 428
4779 943
4780 1245
4781 3116
4782 3731
4783 901
4784 1486
4785 2938
4786 3535
4787 626
4788 4722
4789 1301
4790 1660
4791 1434
4792 4161
4793 1972
4794 3831
4795 2427
4796 3820
4797 4386
4798 3998
4800 2377
4801 2186
4802 2694
4803 642
4804 3569
4805 1418
4806 2294
4807 2549
4808 942
4809 900
4810 3973
4811 1239
4812 1966
4813 3359
4814 4457
4815 4086
4817 473
4818 2573
4819 2654
4820 4181
4821 4195
4822 1237
4823 580
4824 2757
4825 4199
4826 3406
4827 3104
4828 4659
4829 1027
4830 1233
4831 2651
4832 4618
4833 167
4834 2264
4835 1426
4836 696
4837 1203
4838 4381
4839 1279
4840 3366
4842 97
4844 2013
4845 2649
4846 4180
4847 1060
4848 4039
4849 778
4850 1180
4851 2401
4852 3132
4853 138
4854 303
4855 3938
4856 2443
4857 1803
4858 3118
4859 4315
4860 2813
4861 1774
4862 3596
4863 1758
4864 1424
4865 2409
4866 174
4867 4476
4869 2973
4870 2349
4871 1481
4872 615
4873 2459
4874 2285
4875 479
4876 712
4877 2881
4878 413
4879 146
4880 1947
4881 4471
4882 2893
4883 1724
4884 975
4885 3705
4886 4299
4887 3651
4888 574
4890 2422
4891 4040
4892 923
4893 1148
4894 633
4895 1935
4896 1435
4898 4385
4899 4841
4900 3057
4901 1510
4902 918
4903 1227
4904 2392
4905 667
4906 1870
4907 3259
4908 3099
4909 1923
4910 3496
4911 4197
4912 58
4913 3822
4914 3284
4915 3192
4916 230
4917 2613
4918 1555
4919 318
4920 4230
4921 1781
4922 2383
4923 3543
4924 2619
4925 159
4926 2975
4927 2674
4928 2069
4929 3627
4930 3910
4931 2413
4932 2066
4933 2498
4934 1839
4935 4088
4936 4491
4937 4400
4938 1778
4939 2926
4940 2352
4941 4583
4942 2080
4943 401
4944 3858
4945 4074
4946 1582
4947 718
4948 3488
4949 3546
4950 3584
4951 3001
4952 313
4953 2271
4954 2028
4955 3887
4956 1043
4957 2679
4958 437
4959 2929
4960 3808
4961 4109
4962 668
4963 4176
4964 4075
4965 1331
4966 4636
4967 4752
4968 1956
4969 3619
4970 2340
4971 4601
4972 4748
4973 73
4974 4868
4975 3073
4976 594
4977 3101
4978 3462
4979 3313
4980 2785
4981 1267
4982 3048
4983 4766
4984 1854
4985 3197
4986 4606
4987 4287
4988 121
4989 3402
4990 3670
4991 3508
4992 1137
4993 1767
4994 4520
4995 2852
4996 3179
4997 1058
4998 3747
4999 1764
